75.260
74.240
74.390
74.640
74.770
75.260
75.290
74.000
75.020
73.870
73.720
75.230
74.320
75.680
76.160
74.880
75.720
75.840
75.560
75.000
73.250
73.630
73.080
73.320
73.140
73.410
73.840
73.510
73.320
74.630
76.070
76.470
75.210
75.910
76.480
74.870
76.570
76.210
75.280
75.510
75.960
75.000
75.510
77.790
78.490
78.560
80.200
80.870
80.110
79.750
80.410
79.870
80.150
79.780
79.630
79.670
78.810
78.800
78.270
78.400
79.000
77.130
76.270
76.750
75.770
76.250
76.580
76.250
76.810
76.500
76.680
76.600
76.880
75.900
74.500
74.090
74.700
75.200
76.160
75.850
76.000
74.430
74.260
72.560
74.020
75.800
74.340
74.040
74.840
75.930
75.300
76.900
77.300
76.000
76.870
76.650
77.000
76.430
76.200
75.610
75.000
75.830
76.350
77.000
75.130
74.460
73.260
74.210
75.480
74.100
73.250
72.510
72.500
75.020
74.830
74.930
75.910
76.150
76.370
76.680
76.500
76.500
75.510
75.060
74.630
74.240
74.000
73.640
73.650
73.490
73.000
73.160
71.090
72.010
72.510
73.560
73.610
74.150
77.480
75.920
75.180
75.320
74.400
73.500















