0.470
1.110
0.040
-0.250
0.240
-0.340
0.520
1.530
-0.470
1.100
-0.050
-1.480
0.540
-0.920
-1.030
1.120
-0.190
-0.190
0.030
0.500
1.400
0.810
1.100
-0.420
0.870
0.160
-0.100
0.590
-0.310
-1.760
-1.450
-0.320
0.610
-0.360
-0.230
1.930
0.320
0.360
0.880
-0.140
-0.610
1.860
-1.110
-1.660
-0.290
0.040
-1.660
-0.460
0.780
-0.180
-0.760
0.540
-0.470
0.570
0.320
-0.140
0.780
0.010
0.220
-0.280
-0.430
0.780
1.000
0.270
0.900
-0.490
-0.180
0.410
-0.540
0.050
0.580
-0.300
-0.080
1.230
0.670
0.390
-1.200
0.140
0.560
0.480
-0.120
1.450
0.430
2.070
-1.750
-2.320
1.220
0.830
-0.160
-0.660
0.010
-1.000
-0.100
1.250
-1.670
0.080
-0.130
0.070
0.460
0.590
0.390
-0.690
-0.110
-0.180
0.740
0.380
0.240
-0.670
-0.900
-0.020
-0.020
0.740
-0.300
-1.020
0.170
0.100
-1.090
-0.300
-0.100
-0.400
0.330
-0.010
0.740
0.180
0.430
0.360
0.050
-0.050
-0.150
0.190
0.240
-0.050
1.120
-0.090
-0.280
-0.660
-0.270
-0.820
-3.230
0.490
0.450
-0.480
0.410
0.450















