75.730
75.350
74.430
74.390
75.010
74.920
75.810
75.530
74.550
74.970
73.670
73.750
74.860
74.760
75.130
76.000
75.530
75.650
75.590
75.500
74.650
74.440
74.180
72.900
74.010
73.570
73.740
74.100
73.010
72.870
74.620
76.150
75.820
75.550
76.250
76.800
76.890
76.570
76.160
75.370
75.350
76.860
74.400
76.130
78.200
78.600
78.540
80.410
80.890
79.570
79.650
80.410
79.680
80.350
79.950
79.530
79.590
78.810
78.490
78.120
78.570
77.910
77.270
77.020
76.670
75.760
76.400
76.660
76.270
76.550
77.260
76.300
76.800
77.130
75.170
74.480
73.500
75.340
76.720
76.330
75.880
75.880
74.690
74.630
72.270
73.480
75.560
74.870
74.680
75.270
75.310
75.900
77.200
77.250
75.200
76.730
76.870
76.500
76.660
76.200
75.390
75.140
76.240
76.820
75.870
74.840
73.500
73.540
74.580
74.080
73.230
73.250
72.200
74.000
75.000
75.030
74.820
75.850
76.270
76.280
76.830
76.490
76.250
75.240
75.060
74.600
74.050
73.590
73.500
73.680
73.240
73.110
72.210
71.920
72.230
72.900
73.340
73.330
74.250
76.410
75.630
74.840
74.810
73.950















