386.100
387.900
379.100
381.300
379.000
380.200
376.500
375.000
376.000
368.000
365.500
371.100
370.000
378.000
384.000
379.400
387.900
382.100
378.800
371.800
362.800
359.900
364.500
367.700
366.400
368.400
374.600
370.900
372.100
377.600
387.000
395.000
392.200
391.300
395.300
390.100
390.600
389.500
385.000
372.900
367.300
360.100
373.600
379.500
384.000
386.600
398.400
403.400
397.500
395.700
394.800
386.900
392.900
389.100
387.300
387.100
378.100
376.800
379.200
385.000
383.500
381.400
374.400
374.500
375.600
375.600
377.800
374.500
382.200
381.300
380.800
379.000
384.300
375.000
363.100
360.200
360.600
368.000
366.300
363.000
362.800
349.800
342.500
339.600
344.900
359.700
357.800
353.500
355.300
368.100
368.000
371.400
369.200
362.300
367.700
366.400
378.000
362.000
361.800
362.600
356.000
360.100
363.800
369.400
356.600
354.100
345.500
347.700
347.200
348.500
344.700
342.200
342.000
356.200
352.500
351.500
360.000
361.700
362.000
366.600
366.700
359.600
360.500
359.700
359.800
354.200
349.900
349.500
347.100
343.600
340.500
347.900
335.000
345.600
345.600
353.400
350.000
351.600
363.000
354.900
353.400
366.500
360.000
324.200















