7171125
9770950
9785653
7334491
8184285
7391311
9123524
4917302
12194211
12567662
9131281
10095312
10110155
7591479
6014079
6017468
8299632
8868594
9916570
12130910
4865013
11008347
17050367
7748109
6289874
7801020
19681280
8700815
7489661
10836629
11267451
7346419
1919577
3346949
4178545
12563636
4241215
5575334
14594993
15585039
10968434
14475136
11930296
8953335
7014744
9093540
11881209
7586472
13173591
7822615
12336960
9419156
8421381
13248865
6977859
6828449
12963623
11108979
23798856
8342629
7233598
6445204
6410362
7125199
6687144
8338780
5401968
6053097
14405985
8172571
8018618
8972013
15103979
39509930
12616268
8204090
7931016
12599702
10946587
8969590
9837534
14471678
16165303
15640013
27089290
17574676
9884354
7733876
11755795
12878152
8462539
9793167
9508058
14868041
14495099
8590446
25492489
5813050
6769321
10685955
19826399
8578520
11981411
39851936
13553647
13924618
12816257
7843300
9494943
15910941
10037217
12931334
27066254
10668952
13634114
19661404
15849748
4680081
5715915
4861511
7250741
7924982
6904645
6992130
6804895
9738665
7425100
8147118
5370196
7346688
10588688
11440153
11545287
9518802
8771964
6941363
10639632
14067520
8582509
15553140
12944218
22239656
51462086
5341268















