384.200
389.000
386.900
378.400
382.500
381.000
384.000
377.700
380.800
375.600
365.500
362.400
369.200
374.900
376.300
383.100
380.100
386.000
380.200
380.500
369.000
363.000
362.800
362.700
373.700
368.500
367.700
377.700
367.400
370.000
378.000
389.100
394.400
389.200
393.700
394.900
391.200
387.900
388.700
381.800
367.300
372.000
363.700
375.600
382.900
385.800
388.200
400.000
403.500
392.800
395.000
394.800
385.600
395.300
390.600
387.000
387.100
378.900
377.700
380.600
383.800
381.600
380.000
376.600
373.800
374.100
377.700
378.500
374.900
380.700
382.800
379.500
380.200
388.000
365.300
359.800
359.100
359.200
364.200
367.500
364.400
360.000
351.900
344.900
337.700
342.200
357.800
360.500
357.000
358.400
366.200
369.700
371.900
366.500
358.800
368.600
368.200
361.400
362.500
361.400
362.100
357.900
359.600
366.000
357.200
354.900
351.300
346.700
349.700
346.000
342.200
344.200
342.500
347.000
354.900
352.200
351.500
360.300
362.800
361.700
366.400
365.700
358.300
361.000
360.100
359.400
351.200
347.600
349.200
348.400
342.000
339.600
345.600
337.400
346.100
347.300
352.500
350.000
355.300
362.900
354.000
352.000
364.200
328.800















