-1.900
1.100
7.800
-2.900
3.500
0.800
7.500
2.700
4.800
7.600
0.000
-8.700
-0.800
-3.100
-7.700
3.700
-7.800
3.900
1.400
8.700
6.200
3.100
-1.700
-5.000
7.300
0.100
-6.900
6.800
-4.700
-7.600
-9.000
-5.900
2.200
-2.100
-1.600
4.800
0.600
-1.600
3.700
8.900
0.000
11.900
-9.900
-3.900
-1.100
-0.800
-10.200
-3.400
6.000
-2.900
0.200
7.900
-7.300
6.200
3.300
-0.100
9.000
2.100
-1.500
-4.400
0.300
0.200
5.600
2.100
-1.800
-1.500
-0.100
4.000
-7.300
-0.600
2.000
0.500
-4.100
13.000
2.200
-0.400
-1.500
-8.800
-2.100
4.500
1.600
10.200
9.400
5.300
-7.200
-17.500
0.000
7.000
1.700
-9.700
-1.800
-1.700
2.700
4.200
-8.900
2.200
-9.800
-0.600
0.700
-1.200
6.100
-2.200
-4.200
-3.400
0.600
0.800
5.800
-1.000
2.500
-2.500
-2.500
2.000
0.500
-9.200
2.400
0.700
-8.500
-1.400
0.800
-4.900
-0.300
6.100
-2.200
1.300
0.300
5.200
1.300
-1.900
2.100
4.800
1.500
-8.300
10.600
-8.200
0.500
-6.100
2.500
-1.600
-7.700
8.000
0.600
-14.500
4.200
4.600















